        0.12062    0.3902461486732691E+03
        0.17035    0.3063388784428186E+03
        0.24060    0.2272878003214027E+03
        0.33981    0.1677348488583054E+03
        0.47993    0.1260861353507286E+03
        0.67784    0.9318830190635796E+02
        0.95734    0.6959382333216827E+02
        1.35210    0.5232678242017822E+02
        1.90965    0.4029531561704175E+02
        2.69709    0.3187773393988251E+02
        3.80924    0.2507574728119370E+02
        5.37999    0.1911185594609877E+02
        7.59843    0.1437854626821779E+02
       10.73165    0.1034409872665238E+02
       15.15686    0.6908487748475464E+01
       21.40682    0.4394075144968275E+01
       30.23396    0.2913273727367754E+01
       42.70097    0.2034673184537789E+01
