        0.12062    0.3718588535488342E+03
        0.17035    0.2858068500866171E+03
        0.24060    0.2092449191703656E+03
        0.33981    0.1514067280083654E+03
        0.47993    0.1130244399692652E+03
        0.67784    0.8345955905979504E+02
        0.95734    0.6281874464438046E+02
        1.35210    0.4814036499431916E+02
        1.90965    0.3772259763288729E+02
        2.69709    0.3012197814734369E+02
        3.80924    0.2354202342404645E+02
        5.37999    0.1821519588455305E+02
        7.59843    0.1365301138970235E+02
       10.73165    0.9882526929802946E+01
       15.15686    0.6587536137922879E+01
       21.40682    0.4177279585660086E+01
       30.23396    0.2748732417836165E+01
       42.70097    0.1924497251618255E+01
