        0.12062    0.3795406568452648E+03
        0.17035    0.2958577798306573E+03
        0.24060    0.2203390147519462E+03
        0.33981    0.1602906672243548E+03
        0.47993    0.1197140100994278E+03
        0.67784    0.8787454002088487E+02
        0.95734    0.6573560022827583E+02
        1.35210    0.4990385431491585E+02
        1.90965    0.3890449276612369E+02
        2.69709    0.3080124594209263E+02
        3.80924    0.2421484900251487E+02
        5.37999    0.1863950982437731E+02
        7.59843    0.1396149361730491E+02
       10.73165    0.1008285274068233E+02
       15.15686    0.6732523902222750E+01
       21.40682    0.4290966664982004E+01
       30.23396    0.2832236755230015E+01
       42.70097    0.1983561423711882E+01
