        0.12062    0.3213959435962182E+03
        0.17035    0.2436844413970902E+03
        0.24060    0.1743435311574696E+03
        0.33981    0.1214309408295162E+03
        0.47993    0.9060113165616211E+02
        0.67784    0.6872498598803240E+02
        0.95734    0.5433195106090665E+02
        1.35210    0.4301410639458832E+02
        1.90965    0.3427118780929710E+02
        2.69709    0.2751855411463013E+02
        3.80924    0.2178365565762956E+02
        5.37999    0.1678436948997860E+02
        7.59843    0.1249495547506001E+02
       10.73165    0.9002815651177746E+01
       15.15686    0.6019402949370003E+01
       21.40682    0.3685910478675897E+01
       30.23396    0.2356869205107884E+01
       42.70097    0.1633956901416556E+01
