        0.12062    0.3327824463547572E+03
        0.17035    0.2615876600036617E+03
        0.24060    0.1919379931412167E+03
        0.33981    0.1379632704425820E+03
        0.47993    0.1032361260622448E+03
        0.67784    0.7671611446591004E+02
        0.95734    0.5867145209302912E+02
        1.35210    0.4537059203190196E+02
        1.90965    0.3599596898345875E+02
        2.69709    0.2902574082523584E+02
        3.80924    0.2265994443392220E+02
        5.37999    0.1755972364630245E+02
        7.59843    0.1320359079094095E+02
       10.73165    0.9535125187979805E+01
       15.15686    0.6363441712115442E+01
       21.40682    0.3972471866009418E+01
       30.23396    0.2593690963129681E+01
       42.70097    0.1817703723425628E+01
