        0.12062    0.3502980474881079E+03
        0.17035    0.2729564086611528E+03
        0.24060    0.2007557624155616E+03
        0.33981    0.1451534781526449E+03
        0.47993    0.1083513760614663E+03
        0.67784    0.7979931256015945E+02
        0.95734    0.6043181367957392E+02
        1.35210    0.4680826396480882E+02
        1.90965    0.3687629094812994E+02
        2.69709    0.2958602234602491E+02
        3.80924    0.2305728420195314E+02
        5.37999    0.1789748929029654E+02
        7.59843    0.1342453095028225E+02
       10.73165    0.9704250206499093E+01
       15.15686    0.6464923055229637E+01
       21.40682    0.4072863050450200E+01
       30.23396    0.2665180822875466E+01
       42.70097    0.1874537664514059E+01
