        0.12062    0.4037982661909083E+03
        0.17035    0.3250204978583715E+03
        0.24060    0.2521014685938118E+03
        0.33981    0.1879635286879524E+03
        0.47993    0.1429021110881629E+03
        0.67784    0.1063672594338546E+03
        0.95734    0.7825769087036821E+02
        1.35210    0.5838052584574470E+02
        1.90965    0.4429325209458311E+02
        2.69709    0.3425212029140226E+02
        3.80924    0.2680217327838375E+02
        5.37999    0.2036676515908391E+02
        7.59843    0.1535971963634156E+02
       10.73165    0.1091731478371261E+02
       15.15686    0.7375173233566537E+01
       21.40682    0.4705877025345483E+01
       30.23396    0.3135183555271484E+01
       42.70097    0.2148306290673241E+01
