        0.12062    0.3957895776478211E+03
        0.17035    0.3154885019869857E+03
        0.24060    0.2382860505847839E+03
        0.33981    0.1763888387107748E+03
        0.47993    0.1349548054216965E+03
        0.67784    0.9866638026601049E+02
        0.95734    0.7348447756329995E+02
        1.35210    0.5495337349000118E+02
        1.90965    0.4186181163083756E+02
        2.69709    0.3289769800945199E+02
        3.80924    0.2587237964880731E+02
        5.37999    0.1960546602976048E+02
        7.59843    0.1480354761674675E+02
       10.73165    0.1056299979695163E+02
       15.15686    0.7101605229774862E+01
       21.40682    0.4536764294983503E+01
       30.23396    0.3017759557329696E+01
       42.70097    0.2084241975876720E+01
