        0.12062    0.4222672826270075E+03
        0.17035    0.3419473014150805E+03
        0.24060    0.2691687813274622E+03
        0.33981    0.2071711647019700E+03
        0.47993    0.1619152527351183E+03
        0.67784    0.1219837936334309E+03
        0.95734    0.9067167775499652E+02
        1.35210    0.6686218327139512E+02
        1.90965    0.4910206720176387E+02
        2.69709    0.3724848777692516E+02
        3.80924    0.2865993061146716E+02
        5.37999    0.2167152761445438E+02
        7.59843    0.1636538089630068E+02
       10.73165    0.1158634070746371E+02
       15.15686    0.7849474218422635E+01
       21.40682    0.5018516925895709E+01
       30.23396    0.3313888694631292E+01
       42.70097    0.2232956391853090E+01
