        0.12062    0.3263537031705102E+03
        0.17035    0.2521990537549828E+03
        0.24060    0.1816791210468024E+03
        0.33981    0.1302342261642710E+03
        0.47993    0.9851402595364618E+02
        0.67784    0.7359927677852151E+02
        0.95734    0.5636646377638036E+02
        1.35210    0.4397757637435379E+02
        1.90965    0.3508722850218222E+02
        2.69709    0.2817992493547988E+02
        3.80924    0.2219192035741830E+02
        5.37999    0.1721244193434412E+02
        7.59843    0.1289849602644162E+02
       10.73165    0.9318287079522388E+01
       15.15686    0.6220824249475370E+01
       21.40682    0.3864115598190522E+01
       30.23396    0.2526932062736359E+01
       42.70097    0.1768779810304453E+01
