        0.12062    0.4069036760341462E+03
        0.17035    0.3495059829549258E+03
        0.24060    0.2772882489977829E+03
        0.33981    0.2175446266607599E+03
        0.47993    0.1715530169028410E+03
        0.67784    0.1308327317363557E+03
        0.95734    0.9795765480055951E+02
        1.35210    0.7102052794162822E+02
        1.90965    0.5217392953302468E+02
        2.69709    0.3879852371118904E+02
        3.80924    0.2950068604721756E+02
        5.37999    0.2251770459314519E+02
        7.59843    0.1687882351808892E+02
       10.73165    0.1194848256112918E+02
       15.15686    0.8103631280237609E+01
       21.40682    0.5175890455196370E+01
       30.23396    0.3395566678811042E+01
       42.70097    0.2233425651061773E+01
