        0.12313    0.4765295442890256E+03
        0.18010    0.3509892910282202E+03
        0.26342    0.2514039242977294E+03
        0.38530    0.1789292549713451E+03
        0.56356    0.1266074471933803E+03
        0.82429    0.9082909132980819E+02
        1.20565    0.6567618220949157E+02
        1.76345    0.4835529418287588E+02
        2.57932    0.3700885889536889E+02
        3.77265    0.2839639802627796E+02
        5.51807    0.2115934672563640E+02
        8.07103    0.1554454647723067E+02
       11.80512    0.1062964263473682E+02
       17.26679    0.6881746219265553E+01
       25.25534    0.4305166154150525E+01
