        0.12313    0.4799989253865369E+03
        0.18010    0.3642132597021438E+03
        0.26342    0.2622671596648166E+03
        0.38530    0.1872350835237142E+03
        0.56356    0.1349336588739840E+03
        0.82429    0.9625398999748700E+02
        1.20565    0.6894181283728427E+02
        1.76345    0.5088707257902882E+02
        2.57932    0.3836303671867249E+02
        3.77265    0.2925509738409500E+02
        5.51807    0.2176211204180020E+02
        8.07103    0.1598732767860488E+02
       11.80512    0.1091974265696554E+02
       17.26679    0.7073782539195602E+01
       25.25534    0.4448026494517357E+01
