        0.12313    0.4927284927957882E+03
        0.18010    0.3696745560526010E+03
        0.26342    0.2707002407886765E+03
        0.38530    0.1940767101794611E+03
        0.56356    0.1415001256550012E+03
        0.82429    0.1012530938904099E+03
        1.20565    0.7278803549879683E+02
        1.76345    0.5304286521709716E+02
        2.57932    0.3963024205995737E+02
        3.77265    0.2996063906031905E+02
        5.51807    0.2224705022221421E+02
        8.07103    0.1629674133438319E+02
       11.80512    0.1113168022426849E+02
       17.26679    0.7195680956167332E+01
       25.25534    0.4539887504664132E+01
