        0.12313    0.4556112170834426E+03
        0.18010    0.3303723010938523E+03
        0.26342    0.2329938337808031E+03
        0.38530    0.1620987491845496E+03
        0.56356    0.1142892328962753E+03
        0.82429    0.8110127461081943E+02
        1.20565    0.6018690005750237E+02
        1.76345    0.4542725689646244E+02
        2.57932    0.3497052855308374E+02
        3.77265    0.2681780865017138E+02
        5.51807    0.2021731394841810E+02
        8.07103    0.1477196827113189E+02
       11.80512    0.1019351983782269E+02
       17.26679    0.6542688193199045E+01
       25.25534    0.4085777408474016E+01
