        0.12313    0.4014276475899565E+03
        0.18010    0.2992262179772711E+03
        0.26342    0.2034919842179540E+03
        0.38530    0.1426264271643468E+03
        0.56356    0.1009760624863939E+03
        0.82429    0.7290927915157856E+02
        1.20565    0.5528752282703329E+02
        1.76345    0.4243466896220050E+02
        2.57932    0.3324578749422709E+02
        3.77265    0.2546759705194049E+02
        5.51807    0.1921051181315880E+02
        8.07103    0.1404063176086202E+02
       11.80512    0.9754463485717118E+01
       17.26679    0.6231883813456949E+01
       25.25534    0.3821472650423045E+01
