        0.12313    0.4728305717953555E+03
        0.18010    0.3428331191860527E+03
        0.26342    0.2374695536370223E+03
        0.38530    0.1700580673236611E+03
        0.56356    0.1201201384874309E+03
        0.82429    0.8597856021256885E+02
        1.20565    0.6272985059199392E+02
        1.76345    0.4696789056678794E+02
        2.57932    0.3586629860852796E+02
        3.77265    0.2761501123129485E+02
        5.51807    0.2065511365311331E+02
        8.07103    0.1514046573272558E+02
       11.80512    0.1040622340439984E+02
       17.26679    0.6703135538061396E+01
       25.25534    0.4199430303929500E+01
