        0.12313    0.4656877283593026E+03
        0.18010    0.3786296511600101E+03
        0.26342    0.2843001865535267E+03
        0.38530    0.2131738630304227E+03
        0.56356    0.1578566195971087E+03
        0.82429    0.1157750865358615E+03
        1.20565    0.8290262989741854E+02
        1.76345    0.5872431722811434E+02
        2.57932    0.4246080102020319E+02
        3.77265    0.3139476671972082E+02
        5.51807    0.2333956791504569E+02
        8.07103    0.1703327313458255E+02
       11.80512    0.1162125922415552E+02
       17.26679    0.7480978049347575E+01
       25.25534    0.4712180261126592E+01
