        0.12313    0.4951264473778914E+03
        0.18010    0.3758274576177449E+03
        0.26342    0.2740890797333605E+03
        0.38530    0.2053786814028542E+03
        0.56356    0.1494281113271864E+03
        0.82429    0.1079513921718975E+03
        1.20565    0.7778027552476007E+02
        1.76345    0.5540822980434594E+02
        2.57932    0.4112772681386001E+02
        3.77265    0.3068561078309012E+02
        5.51807    0.2280053036301047E+02
        8.07103    0.1666184256073153E+02
       11.80512    0.1137666399939024E+02
       17.26679    0.7320158382684626E+01
       25.25534    0.4634066142482949E+01
