        0.12062    0.6320550796122246E+03
        0.17035    0.5050757531921407E+03
        0.24060    0.3482874029860307E+03
        0.33981    0.2391120672648967E+03
        0.47993    0.1637721402279671E+03
        0.67784    0.1156629428781137E+03
        0.95734    0.8723634552337300E+02
        1.35210    0.6648987427037379E+02
        1.90965    0.5305322336228055E+02
        2.69709    0.4235265043971351E+02
        3.80924    0.3295730774531756E+02
        5.37999    0.2550152772054071E+02
        7.59843    0.1871189703487379E+02
       10.73165    0.1340280631516503E+02
       15.15686    0.8855308125828302E+01
       21.40682    0.5182384294780311E+01
       30.23396    0.3333964674498869E+01
       42.70097    0.2317148654385931E+01
