        0.12062    0.7642561321503697E+03
        0.17035    0.5881123929139708E+03
        0.24060    0.4293871218392194E+03
        0.33981    0.2994183649412955E+03
        0.47993    0.2100659917549403E+03
        0.67784    0.1494231820064352E+03
        0.95734    0.1063922627129822E+03
        1.35210    0.7935603530377983E+02
        1.90965    0.5973407624435616E+02
        2.69709    0.4617790361308385E+02
        3.80924    0.3606815150127506E+02
        5.37999    0.2711257562992579E+02
        7.59843    0.2024133795092879E+02
       10.73165    0.1427635973765848E+02
       15.15686    0.9512167774632879E+01
       21.40682    0.5660541878336301E+01
       30.23396    0.3756720066545730E+01
       42.70097    0.2602460773288476E+01
