        0.12062    0.6252360569355483E+03
        0.17035    0.4674721753101433E+03
        0.24060    0.3324212684864634E+03
        0.33981    0.2266960648021087E+03
        0.47993    0.1611184410558027E+03
        0.67784    0.1119017443781564E+03
        0.95734    0.8514825976336819E+02
        1.35210    0.6570565112167094E+02
        1.90965    0.5242225879874287E+02
        2.69709    0.4186827968136033E+02
        3.80924    0.3265295011446175E+02
        5.37999    0.2513809937120651E+02
        7.59843    0.1847377583836116E+02
       10.73165    0.1327362255522700E+02
       15.15686    0.8782814379674733E+01
       21.40682    0.5153947225738264E+01
       30.23396    0.3267078205715034E+01
       42.70097    0.2250729692060461E+01
