        0.12062    0.7660158799378992E+03
        0.17035    0.5692554667620016E+03
        0.24060    0.4090430887526662E+03
        0.33981    0.2690435017734035E+03
        0.47993    0.1904202816531575E+03
        0.67784    0.1309236575325706E+03
        0.95734    0.9535473915549866E+02
        1.35210    0.7192692136830021E+02
        1.90965    0.5598163608623778E+02
        2.69709    0.4380048346945035E+02
        3.80924    0.3433110751531822E+02
        5.37999    0.2603799086351898E+02
        7.59843    0.1939455547441038E+02
       10.73165    0.1380986437051721E+02
       15.15686    0.9173018515629295E+01
       21.40682    0.5402177976990616E+01
       30.23396    0.3520711135184498E+01
       42.70097    0.2491668896407797E+01
