        0.12062    0.6034591780648722E+03
        0.17035    0.4712215056561488E+03
        0.24060    0.3310392010213444E+03
        0.33981    0.2093192042124479E+03
        0.47993    0.1466411921689161E+03
        0.67784    0.1070748729698777E+03
        0.95734    0.8375503866262922E+02
        1.35210    0.6674019549864279E+02
        1.90965    0.5229150258182061E+02
        2.69709    0.4143362181646214E+02
        3.80924    0.3249878635796304E+02
        5.37999    0.2497258302227030E+02
        7.59843    0.1822473521081667E+02
       10.73165    0.1308853048705163E+02
       15.15686    0.8684841951408403E+01
       21.40682    0.5021022085230813E+01
       30.23396    0.3120985274237359E+01
       42.70097    0.2173572912661623E+01
