        0.12062    0.7259816177716058E+03
        0.17035    0.5440026241374342E+03
        0.24060    0.3880909459814608E+03
        0.33981    0.2564057849809228E+03
        0.47993    0.1761375447474767E+03
        0.67784    0.1240838484085740E+03
        0.95734    0.8852132137568366E+02
        1.35210    0.6897383107396607E+02
        1.90965    0.5440992880766198E+02
        2.69709    0.4324880233323339E+02
        3.80924    0.3319042804663249E+02
        5.37999    0.2588972271126551E+02
        7.59843    0.1891997593890271E+02
       10.73165    0.1349686676416272E+02
       15.15686    0.8954130307844709E+01
       21.40682    0.5281243614367552E+01
       30.23396    0.3406757318254629E+01
       42.70097    0.2365660139169809E+01
