        0.12062    0.7437990641203405E+03
        0.17035    0.5830397695046690E+03
        0.24060    0.4263465734159573E+03
        0.33981    0.2928500779241509E+03
        0.47993    0.2070371623333076E+03
        0.67784    0.1449027786240790E+03
        0.95734    0.1017970773280887E+03
        1.35210    0.7681431206289473E+02
        1.90965    0.5908819318627029E+02
        2.69709    0.4548940203558821E+02
        3.80924    0.3551986666771886E+02
        5.37999    0.2681670271759895E+02
        7.59843    0.1999601103850681E+02
       10.73165    0.1415831873696655E+02
       15.15686    0.9491717963073803E+01
       21.40682    0.5633648176744710E+01
       30.23396    0.3745611416168801E+01
       42.70097    0.2592072224864611E+01
