        0.12062    0.6745089949863711E+03
        0.17035    0.5106997487111491E+03
        0.24060    0.3644299509786217E+03
        0.33981    0.2458743543205223E+03
        0.47993    0.1719277497256662E+03
        0.67784    0.1183027470104913E+03
        0.95734    0.8725031265220245E+02
        1.35210    0.6834365175804413E+02
        1.90965    0.5343320619400769E+02
        2.69709    0.4288893377707274E+02
        3.80924    0.3287195527927322E+02
        5.37999    0.2559827241347269E+02
        7.59843    0.1872980046747935E+02
       10.73165    0.1341333775096122E+02
       15.15686    0.8849889204372936E+01
       21.40682    0.5226059498559525E+01
       30.23396    0.3373735953503558E+01
       42.70097    0.2337495747117455E+01
