        0.12062    0.7207023744090172E+03
        0.17035    0.5467594846859678E+03
        0.24060    0.3937297812391467E+03
        0.33981    0.2687109302788645E+03
        0.47993    0.1856547381136162E+03
        0.67784    0.1253654419715224E+03
        0.95734    0.9218420091121044E+02
        1.35210    0.6995936150414398E+02
        1.90965    0.5543930493148635E+02
        2.69709    0.4326068063520935E+02
        3.80924    0.3370827711710313E+02
        5.37999    0.2597021429578492E+02
        7.59843    0.1915571370630683E+02
       10.73165    0.1364055556232137E+02
       15.15686    0.9039412151417370E+01
       21.40682    0.5330736126229278E+01
       30.23396    0.3462559643611629E+01
       42.70097    0.2436774044396759E+01
