        0.12062    0.6903467250741355E+03
        0.17035    0.5683732713864706E+03
        0.24060    0.4212605651443192E+03
        0.33981    0.3086472239147517E+03
        0.47993    0.2228621013756914E+03
        0.67784    0.1638411095896053E+03
        0.95734    0.1169618874546787E+03
        1.35210    0.8447274124944593E+02
        1.90965    0.6346808767391503E+02
        2.69709    0.4799968318650840E+02
        3.80924    0.3668348323322270E+02
        5.37999    0.2775396530272401E+02
        7.59843    0.2087627237971182E+02
       10.73165    0.1460075019012496E+02
       15.15686    0.9688401130241786E+01
       21.40682    0.5897857320425404E+01
       30.23396    0.3872371865017621E+01
       42.70097    0.2663888177628238E+01
