        0.12062    0.7864729479679283E+03
        0.17035    0.5923028209477418E+03
        0.24060    0.4228637634038573E+03
        0.33981    0.2847297905991579E+03
        0.47993    0.1995345573439422E+03
        0.67784    0.1346360997556767E+03
        0.95734    0.9926553522774842E+02
        1.35210    0.7238205087424382E+02
        1.90965    0.5712597237393337E+02
        2.69709    0.4451582121066945E+02
        3.80924    0.3481102215643580E+02
        5.37999    0.2652436789689932E+02
        7.59843    0.1966271896340665E+02
       10.73165    0.1396108356208159E+02
       15.15686    0.9307530355148664E+01
       21.40682    0.5486560370221230E+01
       30.23396    0.3600369225958579E+01
       42.70097    0.2508126645786180E+01
