        0.12062    0.7884526642288987E+03
        0.17035    0.5966035234034541E+03
        0.24060    0.4365738726578387E+03
        0.33981    0.3057095090463242E+03
        0.47993    0.2183466446691288E+03
        0.67784    0.1545774169878583E+03
        0.95734    0.1107046137390790E+03
        1.35210    0.8230387410381464E+02
        1.90965    0.6095827035580966E+02
        2.69709    0.4678457688807841E+02
        3.80924    0.3651476324220480E+02
        5.37999    0.2740225688190499E+02
        7.59843    0.2061902832174744E+02
       10.73165    0.1449765882652631E+02
       15.15686    0.9626396967265325E+01
       21.40682    0.5766489514494666E+01
       30.23396    0.3793494495653584E+01
       42.70097    0.2635297291697368E+01
