9043.339962676964 1762.6775404173677 959.9847984653893 235.2257156483018 447.68227084864844 199.8405876610159 120.1854899052556 56.902606859864754 68.41563304644836 83.47545523973923 65.5545946829866 67.44480892609486 36.807481201912786 23.38422099099384 17.223086575364043 13.89561537845573 5.909005812716407 3.476558038210783 
1762.6775404173677 4883.516016547891 729.6053963742537 461.3749337971016 546.389765970393 240.61820202318236 154.82110777999338 125.44866148896736 97.84513994067916 62.08650893325601 69.14557638813449 52.72221515332294 45.271361631282595 34.97989760365754 32.595485795486454 14.362252534658818 6.2801061734401475 4.33525807450195 
959.9847984653893 729.6053963742537 2190.3719868085864 345.626358996204 242.9847416826931 108.98435365007184 117.92247060055487 44.734609470708875 43.875395373289166 55.51421786052138 46.101421132005505 39.35364043963512 39.7945466916111 24.537111408088354 19.919706860123036 13.398924121694018 11.663733905143944 13.110081478875522 
235.2257156483018 461.3749337971016 345.626358996204 847.2194419778756 258.4091201220217 112.82721755010259 89.37272186365766 31.182817689408942 41.7233928587228 38.715854588635224 37.92961232381347 33.41016247652937 29.425145172106248 27.656354106994517 23.514874541416148 14.656181124712372 11.073276332416983 6.915837097686764 
447.68227084864844 546.389765970393 242.9847416826931 258.4091201220217 411.7019691358575 127.01281635429947 81.26508719654682 44.653203490831515 44.256990672744735 39.084679518696746 35.103452963342164 33.843813206897785 22.449179197611237 20.87575611614934 16.435973572815218 11.924473404575448 7.270190309661235 4.392072733907804 
199.8405876610159 240.61820202318236 108.98435365007184 112.82721755010259 127.01281635429947 178.88948910980454 65.7160388904765 43.07441108968294 34.211391863113846 32.69907071344571 27.322377226986927 26.496415944870076 19.14231567386862 15.777358689671567 13.353714576031782 10.350178805759478 6.589135357377093 3.1467687757380944 
120.1854899052556 154.82110777999338 117.92247060055487 89.37272186365766 81.26508719654682 65.7160388904765 92.0666561121891 30.852008041923543 24.251040505774213 22.694307854878506 19.730793085451847 15.561935202754823 12.407998353605644 11.228521044518546 9.461247869929661 6.986231228371233 4.448626838059019 2.927632778751702 
56.902606859864754 125.44866148896736 44.734609470708875 31.182817689408942 44.653203490831515 43.07441108968294 30.852008041923543 43.526706667328014 17.642949575361634 14.832537203036594 13.959153742476046 10.869467588800298 8.617513269878536 8.134315227200778 6.300378324365486 4.606604382033229 3.907983692097611 2.7015518841676163 
68.41563304644836 97.84513994067916 43.875395373289166 41.7233928587228 44.256990672744735 34.211391863113846 24.251040505774213 17.642949575361634 30.577924640434567 14.756645278958084 11.623261848119744 11.1177761844761 7.249469673758593 6.392831682294613 5.506961918763193 4.061833745188826 3.0684612480812286 2.1747932925735625 
83.47545523973923 62.08650893325601 55.51421786052138 38.715854588635224 39.084679518696746 32.69907071344571 22.694307854878506 14.832537203036594 14.756645278958084 21.50452192873413 13.618405096214653 11.282867037052343 8.714778196658969 7.463022030463668 6.284300106999755 5.25202952103202 3.770983376523658 2.4241669307165186 
65.5545946829866 69.14557638813449 46.101421132005505 37.92961232381347 35.103452963342164 27.322377226986927 19.730793085451847 13.959153742476046 11.623261848119744 13.618405096214653 15.948262223914154 10.605692960072142 8.13983513740341 7.353755435809418 5.927426137094276 4.373523369908116 3.0303984873364556 1.9747212636496503 
67.44480892609486 52.72221515332294 39.35364043963512 33.41016247652937 33.843813206897785 26.496415944870076 15.561935202754823 10.869467588800298 11.1177761844761 11.282867037052343 10.605692960072142 11.636302244827815 8.24814382561139 7.135380518226181 5.678478537530888 4.193543596876345 2.8856237278845907 2.0289713491497325 
36.807481201912786 45.271361631282595 39.7945466916111 29.425145172106248 22.449179197611237 19.14231567386862 12.407998353605644 8.617513269878536 7.249469673758593 8.714778196658969 8.13983513740341 8.24814382561139 8.115890791857062 6.508763427373445 5.204680703381841 3.9831944030301023 2.796929981068137 1.9967272231617181 
23.38422099099384 34.97989760365754 24.537111408088354 27.656354106994517 20.87575611614934 15.777358689671567 11.228521044518546 8.134315227200778 6.392831682294613 7.463022030463668 7.353755435809418 7.135380518226181 6.508763427373445 7.049944150765818 5.445057352178126 4.304275831781607 3.026408870504745 2.2201703226718768 
17.223086575364043 32.595485795486454 19.919706860123036 23.514874541416148 16.435973572815218 13.353714576031782 9.461247869929661 6.300378324365486 5.506961918763193 6.284300106999755 5.927426137094276 5.678478537530888 5.204680703381841 5.445057352178126 5.5108580806241205 4.226261985234574 3.0314065530918204 2.085288282688268 
13.89561537845573 14.362252534658818 13.398924121694018 14.656181124712372 11.924473404575448 10.350178805759478 6.986231228371233 4.606604382033229 4.061833745188826 5.25202952103202 4.373523369908116 4.193543596876345 3.9831944030301023 4.304275831781607 4.226261985234574 4.029448748926428 3.071573375295253 2.3714786571656488 
5.909005812716407 6.2801061734401475 11.663733905143944 11.073276332416983 7.270190309661235 6.589135357377093 4.448626838059019 3.907983692097611 3.0684612480812286 3.770983376523658 3.0303984873364556 2.8856237278845907 2.796929981068137 3.026408870504745 3.0314065530918204 3.071573375295253 3.2359395618360987 2.6135109556956233 
3.476558038210783 4.33525807450195 13.110081478875522 6.915837097686764 4.392072733907804 3.1467687757380944 2.927632778751702 2.7015518841676163 2.1747932925735625 2.4241669307165186 1.9747212636496503 2.0289713491497325 1.9967272231617181 2.2201703226718768 2.085288282688268 2.3714786571656488 2.6135109556956233 3.0264704093708406 
