        0.12062    0.3250585723478634E+03
        0.17035    0.2581044382031462E+03
        0.24060    0.1952590113935137E+03
        0.33981    0.1445652469303502E+03
        0.47993    0.1099549327511721E+03
        0.67784    0.8159335056309942E+02
        0.95734    0.6132061010462637E+02
        1.35210    0.4670635276520072E+02
        1.90965    0.3647529731323162E+02
        2.69709    0.2888448582381027E+02
        3.80924    0.2272040215957816E+02
        5.37999    0.1753868636479650E+02
        7.59843    0.1317733625193433E+02
       10.73165    0.9490148699039253E+01
       15.15686    0.6377793969381029E+01
       21.40682    0.4105348270712857E+01
       30.23396    0.2721429412609666E+01
       42.70097    0.1891825071690255E+01
