        0.12062    0.2738627690031845E+03
        0.17035    0.2086576563951270E+03
        0.24060    0.1527513465643500E+03
        0.33981    0.1078110142442526E+03
        0.47993    0.8184016705186276E+02
        0.67784    0.6249617855039237E+02
        0.95734    0.4948410939300732E+02
        1.35210    0.3933449460965413E+02
        1.90965    0.3131307777765831E+02
        2.69709    0.2525725678953050E+02
        3.80924    0.2008017504326020E+02
        5.37999    0.1552485256245846E+02
        7.59843    0.1160458072668383E+02
       10.73165    0.8371876622551072E+01
       15.15686    0.5600206645789352E+01
       21.40682    0.3485326284984940E+01
       30.23396    0.2235179127121656E+01
       42.70097    0.1535396375185177E+01
