        0.12062    0.3667367473599016E+03
        0.17035    0.3000795495198140E+03
        0.24060    0.2371736382390970E+03
        0.33981    0.1839247079702456E+03
        0.47993    0.1439693551382902E+03
        0.67784    0.1079347708468208E+03
        0.95734    0.8056598173482126E+02
        1.35210    0.5963617085797613E+02
        1.90965    0.4460835901197922E+02
        2.69709    0.3398480328197520E+02
        3.80924    0.2633033632902215E+02
        5.37999    0.2006546001236458E+02
        7.59843    0.1514963784960509E+02
       10.73165    0.1078330124618524E+02
       15.15686    0.7331977018225055E+01
       21.40682    0.4752595466815128E+01
       30.23396    0.3155509112624799E+01
       42.70097    0.2146556011260381E+01
