        0.12062    0.3457434556269407E+03
        0.17035    0.2786856903169552E+03
        0.24060    0.2147517553279797E+03
        0.33981    0.1617545128845446E+03
        0.47993    0.1254073853059720E+03
        0.67784    0.9322007607048485E+02
        0.95734    0.6940508479784074E+02
        1.35210    0.5189885045284210E+02
        1.90965    0.3977430957608657E+02
        2.69709    0.3110509923913109E+02
        3.80924    0.2438471620118362E+02
        5.37999    0.1863694190274845E+02
        7.59843    0.1408932705039582E+02
       10.73165    0.1005609360249725E+02
       15.15686    0.6824515829194477E+01
       21.40682    0.4423265670697905E+01
       30.23396    0.2939801660343464E+01
       42.70097    0.2023701804899333E+01
