        0.12062    0.3198012840525917E+03
        0.17035    0.2489248545821548E+03
        0.24060    0.1849196014427002E+03
        0.33981    0.1358251260014800E+03
        0.47993    0.1035179964172186E+03
        0.67784    0.7705076313075787E+02
        0.95734    0.5826866625849206E+02
        1.35210    0.4478811829946049E+02
        1.90965    0.3510682027187423E+02
        2.69709    0.2810607694178203E+02
        3.80924    0.2204159427819659E+02
        5.37999    0.1707207917507382E+02
        7.59843    0.1284329229104614E+02
       10.73165    0.9261687034632908E+01
       15.15686    0.6218252167543969E+01
       21.40682    0.3971039767992655E+01
       30.23396    0.2622298998947111E+01
       42.70097    0.1823848036699537E+01
