        0.12062    0.2861202119726516E+03
        0.17035    0.2258482514957771E+03
        0.24060    0.1676007292656752E+03
        0.33981    0.1229733890442435E+03
        0.47993    0.9343018599533983E+02
        0.67784    0.7002680832086594E+02
        0.95734    0.5373185142670965E+02
        1.35210    0.4185106434986336E+02
        1.90965    0.3315542569013017E+02
        2.69709    0.2676807147085110E+02
        3.80924    0.2100336929497115E+02
        5.37999    0.1626692490992442E+02
        7.59843    0.1224234931995371E+02
       10.73165    0.8857397185262190E+01
       15.15686    0.5944118047572536E+01
       21.40682    0.3749187878688786E+01
       30.23396    0.2445756870987650E+01
       42.70097    0.1710519443133700E+01
