        0.12062    0.3548092297131938E+03
        0.17035    0.2902707347457974E+03
        0.24060    0.2287575460040293E+03
        0.33981    0.1738986904241523E+03
        0.47993    0.1343504186065966E+03
        0.67784    0.1010670654196632E+03
        0.95734    0.7490486840715818E+02
        1.35210    0.5568440694849058E+02
        1.90965    0.4236390329492001E+02
        2.69709    0.3261773568269285E+02
        3.80924    0.2542377536575788E+02
        5.37999    0.1939111294239326E+02
        7.59843    0.1465677164560196E+02
       10.73165    0.1044177527172647E+02
       15.15686    0.7114679165522540E+01
       21.40682    0.4602010768178565E+01
       30.23396    0.3067252603195276E+01
       42.70097    0.2093959293980571E+01
