        0.12062    0.2792635030909603E+03
        0.17035    0.2181356753629818E+03
        0.24060    0.1599182736850673E+03
        0.33981    0.1165538461287459E+03
        0.47993    0.8900329164278909E+02
        0.67784    0.6707623858179080E+02
        0.95734    0.5163900535569417E+02
        1.35210    0.4051318599122997E+02
        1.90965    0.3223423742706278E+02
        2.69709    0.2596886294118733E+02
        3.80924    0.2053000733560993E+02
        5.37999    0.1593376384347126E+02
        7.59843    0.1194880884447083E+02
       10.73165    0.8633584394763043E+01
       15.15686    0.5786416267142694E+01
       21.40682    0.3642712789021946E+01
       30.23396    0.2372996562632391E+01
       42.70097    0.1644850045241691E+01
