        0.12062    0.3359532802885425E+03
        0.17035    0.2682656224228569E+03
        0.24060    0.2033921037397603E+03
        0.33981    0.1523709918211256E+03
        0.47993    0.1166369519591258E+03
        0.67784    0.8691673069579038E+02
        0.95734    0.6530216379570905E+02
        1.35210    0.4919227230581157E+02
        1.90965    0.3797279336055816E+02
        2.69709    0.2995287048304671E+02
        3.80924    0.2349846323903194E+02
        5.37999    0.1801761576246536E+02
        7.59843    0.1359467342293699E+02
       10.73165    0.9753699349740256E+01
       15.15686    0.6564441907361868E+01
       21.40682    0.4235780762200557E+01
       30.23396    0.2806785057489915E+01
       42.70097    0.1945978659996517E+01
