        0.12062    0.3744684755758674E+03
        0.17035    0.3109095165650259E+03
        0.24060    0.2497608243769160E+03
        0.33981    0.1953983758190736E+03
        0.47993    0.1553056838609907E+03
        0.67784    0.1181579771895292E+03
        0.95734    0.8789276463157125E+02
        1.35210    0.6449659617827412E+02
        1.90965    0.4732179266379876E+02
        2.69709    0.3563714163472471E+02
        3.80924    0.2730627097739022E+02
        5.37999    0.2082931793695712E+02
        7.59843    0.1570910139124156E+02
       10.73165    0.1115294063098631E+02
       15.15686    0.7594704004742813E+01
       21.40682    0.4920419557673638E+01
       30.23396    0.3261823880579527E+01
       42.70097    0.2198406483431397E+01
