        0.12062    0.3029033696956200E+03
        0.17035    0.2354629035140030E+03
        0.24060    0.1761556176245596E+03
        0.33981    0.1297598146207339E+03
        0.47993    0.9847952742529583E+02
        0.67784    0.7305118772475015E+02
        0.95734    0.5578985847597934E+02
        1.35210    0.4332615514766717E+02
        1.90965    0.3406986112875559E+02
        2.69709    0.2742359029681492E+02
        3.80924    0.2147357430940019E+02
        5.37999    0.1667895820149350E+02
        7.59843    0.1254608479615818E+02
       10.73165    0.9060233415890096E+01
       15.15686    0.6084458855840780E+01
       21.40682    0.3863788200925805E+01
       30.23396    0.2526144106114935E+01
       42.70097    0.1764581582077694E+01
