        0.12062    0.5193801287737363E+03
        0.17035    0.4048637440922192E+03
        0.24060    0.2966311593747016E+03
        0.33981    0.2122633853306912E+03
        0.47993    0.1564320558477543E+03
        0.67784    0.1124085276452750E+03
        0.95734    0.8273863425487986E+02
        1.35210    0.6147371655715631E+02
        1.90965    0.4723258728662636E+02
        2.69709    0.3711291801987412E+02
        3.80924    0.2911883462376231E+02
        5.37999    0.2212225498361924E+02
        7.59843    0.1655984707435475E+02
       10.73165    0.1180654458137928E+02
       15.15686    0.7873385422904873E+01
       21.40682    0.4911951597793077E+01
       30.23396    0.3267278078876270E+01
       42.70097    0.2267509740972154E+01
