        0.12062    0.4958797845945836E+03
        0.17035    0.4222841443018260E+03
        0.24060    0.3236634844341647E+03
        0.33981    0.2451569230448291E+03
        0.47993    0.1870633450558964E+03
        0.67784    0.1422991853514928E+03
        0.95734    0.1038395401308983E+03
        1.35210    0.7570278373553001E+02
        1.90965    0.5640969612225268E+02
        2.69709    0.4206081050408689E+02
        3.80924    0.3197735612105661E+02
        5.37999    0.2437813304808299E+02
        7.59843    0.1819177968084959E+02
       10.73165    0.1285528978306056E+02
       15.15686    0.8653708157110543E+01
       21.40682    0.5440814062796139E+01
       30.23396    0.3568351808136432E+01
       42.70097    0.2372127499612299E+01
