        0.12062    0.5341168937691978E+03
        0.17035    0.4224371465621363E+03
        0.24060    0.3195982259837954E+03
        0.33981    0.2376641399048685E+03
        0.47993    0.1797986376090674E+03
        0.67784    0.1335339650024661E+03
        0.95734    0.9722508993878637E+02
        1.35210    0.7215609939762861E+02
        1.90965    0.5332503258754844E+02
        2.69709    0.4079929063222642E+02
        3.80924    0.3139306191195988E+02
        5.37999    0.2382885214998300E+02
        7.59843    0.1781419613554183E+02
       10.73165    0.1257157510586411E+02
       15.15686    0.8423978630419438E+01
       21.40682    0.5312589124871231E+01
       30.23396    0.3547073804139111E+01
       42.70097    0.2402574799071277E+01
