        0.12062    0.4858518084142401E+03
        0.17035    0.3720338305227971E+03
        0.24060    0.2649747397975678E+03
        0.33981    0.1858848335432344E+03
        0.47993    0.1343845775235265E+03
        0.67784    0.9732169066714241E+02
        0.95734    0.7251969974755195E+02
        1.35210    0.5525192595382547E+02
        1.90965    0.4372716131307867E+02
        2.69709    0.3472704360126803E+02
        3.80924    0.2696512949136899E+02
        5.37999    0.2077660006078033E+02
        7.59843    0.1558769688842299E+02
       10.73165    0.1122898098630380E+02
       15.15686    0.7420685637816807E+01
       21.40682    0.4536145419479240E+01
       30.23396    0.3015451239603432E+01
       42.70097    0.2145145146855218E+01
