        0.12062    0.5191185293951187E+03
        0.17035    0.3939568686786761E+03
        0.24060    0.2826931304020071E+03
        0.33981    0.2000848661068695E+03
        0.47993    0.1486138206538394E+03
        0.67784    0.1066653686199244E+03
        0.95734    0.7893343940751862E+02
        1.35210    0.5914661698228792E+02
        1.90965    0.4610214698483078E+02
        2.69709    0.3599597545827456E+02
        3.80924    0.2840444468174084E+02
        5.37999    0.2159822031894611E+02
        7.59843    0.1615611569275065E+02
       10.73165    0.1159079540963020E+02
       15.15686    0.7652737282414503E+01
       21.40682    0.4761564068582931E+01
       30.23396    0.3171658560798895E+01
       42.70097    0.2234438022200100E+01
