        0.12062    0.4565090781126264E+03
        0.17035    0.3522309665455024E+03
        0.24060    0.2544664302183114E+03
        0.33981    0.1777713139701245E+03
        0.47993    0.1290806250813003E+03
        0.67784    0.9345472229454455E+02
        0.95734    0.7039562863322827E+02
        1.35210    0.5442927005819212E+02
        1.90965    0.4281623411497073E+02
        2.69709    0.3427482530753275E+02
        3.80924    0.2656356383187755E+02
        5.37999    0.2044110128688100E+02
        7.59843    0.1533056917385180E+02
       10.73165    0.1107576668885370E+02
       15.15686    0.7323816597962673E+01
       21.40682    0.4461213962728054E+01
       30.23396    0.2946119906812267E+01
       42.70097    0.2078772107409367E+01
