        0.12062    0.4320931361083119E+03
        0.17035    0.3326685346915526E+03
        0.24060    0.2341730106763067E+03
        0.33981    0.1627857476902032E+03
        0.47993    0.1196926843359477E+03
        0.67784    0.8738436887279776E+02
        0.95734    0.6663403641871238E+02
        1.35210    0.5196546596081022E+02
        1.90965    0.4130295043661687E+02
        2.69709    0.3298775588687465E+02
        3.80924    0.2588362128150417E+02
        5.37999    0.1986523733222996E+02
        7.59843    0.1487067487663977E+02
       10.73165    0.1071816017850638E+02
       15.15686    0.7127634910231399E+01
       21.40682    0.4254426784406903E+01
       30.23396    0.2769168908432842E+01
       42.70097    0.1962025802251358E+01
