        0.12062    0.5216037234919863E+03
        0.17035    0.4124482847104546E+03
        0.24060    0.3067121237260213E+03
        0.33981    0.2230905668327897E+03
        0.47993    0.1640244737518133E+03
        0.67784    0.1196854966891748E+03
        0.95734    0.8684697121630877E+02
        1.35210    0.6465435198325120E+02
        1.90965    0.4933605159953822E+02
        2.69709    0.3824424855263955E+02
        3.80924    0.2994867578576167E+02
        5.37999    0.2280407860721033E+02
        7.59843    0.1704036300548618E+02
       10.73165    0.1207320729707937E+02
       15.15686    0.8074393581623948E+01
       21.40682    0.5058234943431872E+01
       30.23396    0.3378148810854858E+01
       42.70097    0.2319887848744414E+01
