        0.12062    0.5268357110643394E+03
        0.17035    0.4192678140271388E+03
        0.24060    0.3130894294352260E+03
        0.33981    0.2290012960546355E+03
        0.47993    0.1718674937702246E+03
        0.67784    0.1252616070986438E+03
        0.95734    0.9141278976997229E+02
        1.35210    0.6820658777384349E+02
        1.90965    0.5131827927752908E+02
        2.69709    0.3944743174140920E+02
        3.80924    0.3074337011668862E+02
        5.37999    0.2331275076352214E+02
        7.59843    0.1739530340348019E+02
       10.73165    0.1225638920515664E+02
       15.15686    0.8199343405200011E+01
       21.40682    0.5176809167070313E+01
       30.23396    0.3454246664109725E+01
       42.70097    0.2359770742719360E+01
