        0.12062    0.4391127194345522E+03
        0.17035    0.3465480254482655E+03
        0.24060    0.2430815150432883E+03
        0.33981    0.1699049903217201E+03
        0.47993    0.1246826956678864E+03
        0.67784    0.9041057189769408E+02
        0.95734    0.6888268648402281E+02
        1.35210    0.5319858238977729E+02
        1.90965    0.4211664480987427E+02
        2.69709    0.3368422089112914E+02
        3.80924    0.2635023480745797E+02
        5.37999    0.2016472954230953E+02
        7.59843    0.1514198614442885E+02
       10.73165    0.1091230799593095E+02
       15.15686    0.7263808763879205E+01
       21.40682    0.4355121163461536E+01
       30.23396    0.2875003783678272E+01
       42.70097    0.2030396726123893E+01
