        0.12062    0.4195363659346643E+03
        0.17035    0.3204939262640104E+03
        0.24060    0.2266889904024463E+03
        0.33981    0.1528979107019854E+03
        0.47993    0.1117780637134358E+03
        0.67784    0.8292927892693082E+02
        0.95734    0.6472590215276571E+02
        1.35210    0.5208412826207831E+02
        1.90965    0.4077121386136081E+02
        2.69709    0.3269816526722660E+02
        3.80924    0.2561188906515333E+02
        5.37999    0.1971483377319468E+02
        7.59843    0.1460615325709907E+02
       10.73165    0.1052878757122952E+02
       15.15686    0.6993537433118378E+01
       21.40682    0.4188722473587099E+01
       30.23396    0.2669927764850394E+01
       42.70097    0.1892214300386312E+01
