        0.12062    0.4922609931903727E+03
        0.17035    0.3765364684690693E+03
        0.24060    0.2779375450449714E+03
        0.33981    0.1960967718549549E+03
        0.47993    0.1419990263826934E+03
        0.67784    0.1006571407164807E+03
        0.95734    0.7538363140968018E+02
        1.35210    0.5665852527938334E+02
        1.90965    0.4479950543687768E+02
        2.69709    0.3525843933632835E+02
        3.80924    0.2760773946246895E+02
        5.37999    0.2117922488761935E+02
        7.59843    0.1581462275342334E+02
       10.73165    0.1137612024708388E+02
       15.15686    0.7523159789859286E+01
       21.40682    0.4650118528044792E+01
       30.23396    0.3088590865318900E+01
       42.70097    0.2177065029420273E+01
